    3
   7 4
  2 4 6
 8 5 9 3

    3       3
   7         4
  2 4       4 6
 8 5 9     5 9 3


    3       3       3       3
   7       7         4       4
  2         4       4         6
 8 5       5 9     5 9       9 3


    3       3       3       3       3       3        3          3
   7       7       7       7         4       4        4          4
  2       2         4       4       4       4          6          6
 8         5       5         9     5         9        9            3

 20                         23



    3
   7 4
  2 4 6
 8 5 9 3

